21.739130 
27.302509 
32.847608 
38.356150 
43.809855 
49.190443 
54.479637 
59.659157 
64.710724 
69.616060 
74.356884 
78.914919 
83.271884 
87.409502 
91.309494 
94.953579 
98.323480 
101.400917 
104.167611 
106.605284 

108.695656 
110.430847 
111.844570 
112.980939 
113.884065 
114.598060 
115.167037 
115.635108 
116.046386 
116.444982 
116.875009 
117.380580 
118.005806 
118.794800 
119.791674 
121.040541 
122.585512 
124.470700 
126.740218 
129.438177 

132.608690 
136.277645 
140.398030 
144.904611 
149.732152 
154.815418 
160.089173 
165.488182 
170.947209 
176.401020 
181.784378 
187.032049 
192.078797 
196.859387 
201.308583 
205.361150 
208.951852 
212.015455 
214.486722 
216.300419 

217.391310 
217.716986 
217.326340 
216.291095 
214.682969 
212.573684 
210.034961 
207.138519 
203.956079 
200.559361 
197.020087 
193.409976 
189.800749 
186.264127 
182.871830 
179.695578 
176.807093 
174.278094 
172.180301 
170.585437 

169.565220 
169.171282 
169.374891 
170.127228 
171.379472 
173.082803 
175.188399 
177.647441 
180.411109 
183.430581 
186.657037 
190.041656 
193.535619 
197.090105 
200.656293 
204.185362 
207.628493 
210.936865 
214.061657 
216.954049 

219.565220 
221.857417 
223.837157 
225.522021 
226.929594 
228.077459 
228.983198 
229.664395 
230.138633 
230.423495 
230.536565 
230.495425 
230.317659 
230.020849 
229.622580 
229.140434 
228.591994 
227.994843 
227.366565 
226.724743 

226.086960 
225.471077 
224.896064 
224.381171 
223.945646 
223.608738 
223.389695 
223.307767 
223.382202 
223.632249 
224.077156 
224.736172 
225.628546 
226.773526 
228.190361 
229.898301 
231.916593 
234.264486 
236.961229 
240.026071 

243.478260 
247.325683 
251.530776 
256.044614 
260.818270 
265.802819 
270.949336 
276.208894 
281.532568 
286.871432 
292.176560 
297.399026 
302.489905 
307.400271 
312.081198 
316.483760 
320.559032 
324.258088 
327.532001 
330.331847 

332.608700 
334.330273 
335.530837 
336.261304 
336.572584 
336.515588 
336.141228 
335.500413 
334.644055 
333.623065 
332.488353 
331.290830 
330.081408 
328.910997 
327.830507 
326.890851 
326.142938 
325.637680 
325.425987 
325.558770 

326.086940 
327.046974 
328.417610 
330.163151 
332.247904 
334.636170 
337.292256 
340.180463 
343.265098 
346.510464 
349.880864 
353.340604 
356.853986 
360.385317 
363.898898 
367.359036 
370.730033 
373.976193 
377.061822 
379.951223 

382.608700 
385.007590 
387.157364 
389.076525 
390.783574 
392.297017 
393.635355 
394.817091 
395.860730 
396.784773 
397.607724 
398.348086 
399.024362 
399.655055 
400.258668 
400.853704 
401.458666 
402.092058 
402.772382 
403.518142 

404.347840 
405.276488 
406.305131 
407.431321 
408.652613 
409.966559 
411.370713 
412.862627 
414.439855 
416.099950 
417.840465 
419.658954 
421.552969 
423.520064 
425.557792 
427.663706 
429.835359 
432.070305 
434.366097 
436.720287 

439.130430 
441.593305 
444.102599 
446.651229 
449.232107 
451.838150 
454.462271 
457.097385 
459.736407 
462.372252 
464.997834 
467.606068 
470.189868 
472.742150 
475.255828 
477.723816 
480.139030 
482.494383 
484.782791 
486.997169 

489.130430 
491.176367 
493.132283 
494.996356 
496.766765 
498.441692 
500.019314 
501.497811 
502.875363 
504.150149 
505.320349 
506.384141 
507.339706 
508.185224 
508.918872 
509.538831 
510.043281 
510.430400 
510.698368 
510.845365 

510.869570 
510.769415 
510.544341 
510.194041 
509.718210 
509.116541 
508.388727 
507.534463 
506.553442 
505.445357 
504.209903 
502.846772 
501.355659 
499.736257 
497.988260 
496.111361 
494.105254 
491.969633 
489.704191 
487.308622 

484.782620 
482.129969 
479.370820 
476.529415 
473.629995 
470.696801 
467.754076 
464.826061 
461.936998 
459.111128 
456.372693 
453.745935 
451.255095 
448.924415 
446.778136 
444.840501 
443.135751 
441.688127 
440.521871 
439.661225 

439.130430 
438.949611 
439.122420 
439.648393 
440.527066 
441.757974 
443.340652 
445.274636 
447.559462 
450.194665 
453.179780 
456.514343 
460.197889 
464.229954 
468.610074 
473.337783 
478.412618 
483.834114 
489.601805 
495.715229 

502.173920 
508.966424 
516.037325 
523.320218 
530.748697 
538.256358 
545.776795 
553.243603 
560.590376 
567.750709 
574.658197 
581.246434 
587.449015 
593.199534 
598.431587 
603.078767 
607.074670 
610.352890 
612.847022 
614.490660 

615.217400 
614.987174 
613.865274 
611.943328 
609.312966 
606.065817 
602.293511 
598.087677 
593.539945 
588.741943 
583.785301 
578.761649 
573.762616 
568.879832 
564.204925 
559.829525 
555.845261 
552.343764 
549.416661 
547.155584 

545.652160 
544.972132 
545.077688 
545.905129 
547.390756 
549.470871 
552.081774 
555.159765 
558.641147 
562.462220 
566.559285 
570.868643 
575.326594 
579.869441 
584.433483 
588.955022 
593.370358 
597.615793 
601.627628 
605.342163 

608.695700 
611.639796 
614.187034 
616.365256 
618.202303 
619.726014 
620.964229 
621.944791 
622.695539 
623.244314 
623.618956 
623.847306 
623.957204 
623.976491 
623.933008 
623.854595 
623.769093 
623.704341 
623.688182 
623.748455 

623.913000 
624.204955 
624.628644 
625.183685 
625.869698 
626.686304 
627.633122 
628.709771 
629.915871 
631.251042 
632.714904 
634.307076 
636.027178 
637.874830 
639.849652 
641.951262 
644.179281 
646.533329 
649.013025 
651.617989 

654.347840 
657.198962 
660.154794 
663.195538 
666.301396 
669.452570 
672.629263 
675.811677 
678.980014 
682.114477 
685.195268 
688.202588 
691.116641 
693.917628 
696.585752 
699.101216 
701.444221 
703.594969 
705.533664 
707.240507 

708.695700 
709.886497 
710.828352 
711.543773 
712.055263 
712.385331 
712.556481 
712.591219 
712.512052 
712.341485 
712.102024 
711.816176 
711.506446 
711.195340 
710.905363 
710.659023 
710.478825 
710.387275 
710.406878 
710.560141 

710.869570 
711.351454 
711.997219 
712.792073 
713.721225 
714.769884 
715.923258 
717.166558 
718.484990 
719.863765 
721.288091 
722.743177 
724.214231 
725.686463 
727.145082 
728.575295 
729.962313 
731.291343 
732.547595 
733.716278 

734.782600 
735.740617 
736.619771 
737.458352 
738.294648 
739.166949 
740.113545 
741.172723 
742.382774 
743.781987 
745.408650 
747.301054 
749.497486 
752.036237 
754.955596 
758.293851 
762.089292 
766.380209 
771.204889 
776.601623 

782.608700 
789.226542 
796.304107 
803.652486 
811.082769 
818.406048 
825.433413 
831.975956 
837.844767 
842.850938 
846.805559 
849.519721 
850.804515 
850.471033 
848.330364 
844.193600 
837.871833 
829.176152 
817.917649 
803.907415 

786.956540 
766.933680 
743.937749 
718.125223 
689.652580 
658.676298 
625.352853 
589.838724 
552.290388 
512.864322 
471.717005 
429.004912 
384.884522 
339.512313 
293.044761 
245.638344 
197.449540 
148.634826 
99.350680 
49.753579 

------------------------------------------------- 
 
101.851850 
119.298759 
136.643430 
153.783628 
170.617115 
187.041653 
202.955007 
218.254939 
232.839212 
246.605589 
259.451832 
271.275706 
281.974973 
291.447396 
299.590739 
306.302763 
311.481232 
315.023909 
316.828558 
316.792940 

314.814820 
310.841650 
305.019648 
297.544720 
288.612774 
278.419717 
267.161456 
255.033898 
242.232950 
228.954520 
215.394515 
201.748842 
188.213408 
174.984121 
162.256887 
150.227613 
139.092208 
129.046578 
120.286630 
113.008272 

107.407410 
103.622625 
101.563185 
101.081032 
102.028108 
104.256354 
107.617711 
111.964122 
117.147528 
123.019871 
129.433092 
136.239132 
143.289933 
150.437438 
157.533587 
164.430321 
170.979584 
177.033315 
182.443457 
187.061952 

190.740740 
193.368559 
194.981330 
195.651766 
195.452584 
194.456499 
192.736227 
190.364482 
187.413981 
183.957438 
180.067569 
175.817089 
171.278714 
166.525159 
161.629140 
156.663371 
151.700569 
146.813448 
142.074724 
137.557113 

133.333330 
129.463781 
125.959639 
122.819767 
120.043030 
117.628289 
115.574409 
113.880254 
112.544687 
111.566571 
110.944770 
110.678148 
110.765568 
111.205894 
111.997989 
113.140717 
114.632941 
116.473524 
118.661331 
121.195226 

124.074070 
127.288797 
130.798613 
134.554793 
138.508611 
142.611343 
146.814264 
151.068647 
155.325770 
159.536905 
163.653329 
167.626315 
171.407140 
174.947077 
178.197402 
181.109390 
183.634315 
185.723453 
187.328078 
188.399465 

188.888890 
188.763652 
188.055151 
186.810814 
185.078066 
182.904334 
180.337041 
177.423616 
174.211482 
170.748066 
167.080794 
163.257090 
159.324382 
155.330095 
151.321653 
147.346484 
143.452013 
139.685665 
136.094867 
132.727043 

129.629620 
126.841308 
124.365956 
122.198697 
120.334664 
118.768992 
117.496812 
116.513259 
115.813467 
115.392567 
115.245694 
115.367982 
115.754563 
116.400571 
117.301139 
118.451400 
119.846489 
121.481538 
123.351680 
125.452050 

127.777780 
130.321544 
133.066176 
135.992050 
139.079540 
142.309021 
145.660866 
149.115449 
152.653144 
156.254327 
159.899370 
163.568648 
167.242534 
170.901404 
174.525631 
178.095589 
181.591652 
184.994195 
188.283591 
191.440215 

194.444440 
197.277604 
199.924891 
202.372450 
204.606429 
206.612976 
208.378239 
209.888366 
211.129505 
212.087804 
212.749412 
213.100475 
213.127143 
212.815563 
212.151883 
211.122251 
209.712816 
207.909725 
205.699127 
203.067169 

200.000000 
196.496730 
192.608319 
188.398689 
183.931764 
179.271466 
174.481718 
169.626442 
164.769561 
159.974997 
155.306674 
150.828513 
146.604437 
142.698370 
139.174233 
136.095949 
133.527441 
131.532632 
130.175443 
129.519798 

129.629620 
130.544259 
132.204782 
134.527684 
137.429458 
140.826602 
144.635608 
148.772972 
153.155189 
157.698754 
162.320162 
166.935906 
171.462483 
175.816387 
179.914113 
183.672156 
187.007010 
189.835171 
192.073133 
193.637391 

194.444440 
194.438922 
193.678065 
192.247246 
190.231840 
187.717222 
184.788770 
181.531858 
178.031862 
174.374157 
170.644121 
166.927128 
163.308555 
159.873776 
156.708168 
153.897107 
151.525968 
149.680127 
148.444960 
147.905842 

148.148150 
149.225724 
151.066269 
153.565952 
156.620942 
160.127409 
163.981520 
168.079445 
172.317353 
176.591412 
180.797790 
184.832658 
188.592182 
191.972533 
194.869879 
197.180389 
198.800231 
199.625575 
199.552588 
198.477440 

196.296300 
192.940133 
188.479091 
183.018124 
176.662180 
169.516210 
161.685162 
153.273986 
144.387630 
135.131044 
125.609178 
115.926980 
106.189399 
96.501385 
86.967887 
77.693854 
68.784236 
60.343981 
52.478039 
45.291359 

38.888890 
33.350800 
28.658126 
24.767126 
21.634057 
19.215175 
17.466736 
16.344997 
15.806216 
15.806648 
16.302550 
17.250179 
18.605791 
20.325643 
22.365992 
24.683095 
27.233207 
29.972586 
32.857489 
35.844171 

38.888890 
41.956678 
45.047673 
48.170786 
51.334933 
54.549025 
57.821976 
61.162698 
64.580106 
68.083112 
71.680630 
75.381571 
79.194850 
83.129380 
87.194074 
91.397845 
95.749605 
100.258269 
104.932749 
109.781958 

114.814810 
120.031747 
125.399331 
130.875652 
136.418801 
141.986870 
147.537948 
153.030128 
158.421499 
163.670153 
168.734181 
173.571673 
178.140720 
182.399414 
186.305845 
189.818104 
192.894282 
195.492469 
197.570758 
199.087238 

200.000000 
200.281130 
199.958690 
199.074737 
197.671326 
195.790516 
193.474363 
190.764923 
187.704252 
184.334409 
180.697449 
176.835428 
172.790404 
168.604434 
164.319573 
159.977879 
155.621408 
151.292217 
147.032363 
142.883901 

138.888890 
135.084934 
131.491833 
128.124938 
124.999596 
122.131158 
119.534971 
117.226386 
115.220752 
113.533417 
112.179731 
111.175044 
110.534703 
110.274058 
110.408459 
110.953255 
111.923794 
113.335426 
115.203500 
117.543365 

120.370370 
123.686083 
127.436943 
131.555608 
135.974737 
140.626986 
145.445014 
150.361479 
155.309038 
160.220350 
165.028072 
169.664862 
174.063378 
178.156279 
181.876220 
185.155862 
187.927861 
190.124875 
191.679563 
192.524582 

192.592590 
191.841796 
190.332612 
188.151003 
185.382933 
182.114364 
178.431262 
174.419589 
170.165309 
165.754387 
161.272787 
156.806471 
152.441404 
148.263549 
144.358871 
140.813333 
137.712899 
135.143533 
133.191199 
131.941860 

131.481480 
131.867555 
133.043706 
134.925088 
137.426853 
140.464156 
143.952149 
147.805987 
151.940823 
156.271810 
160.714103 
165.182854 
169.593217 
173.860346 
177.899395 
181.625516 
184.953864 
187.799591 
190.077852 
191.703801 

192.592590 
192.685890 
192.031440 
190.703495 
188.776310 
186.324140 
183.421240 
180.141867 
176.560275 
172.750720 
168.787456 
164.744739 
160.696825 
156.717968 
152.882425 
149.264449 
145.938297 
142.978224 
140.458485 
138.453335 

137.037030 
136.264790 
136.115698 
136.549800 
137.527145 
139.007780 
140.951753 
143.319111 
146.069902 
149.164172 
152.561971 
156.223345 
160.108341 
164.177008 
168.389393 
172.705543 
177.085507 
181.489330 
185.877062 
190.208750 

194.444440 
198.544034 
202.466845 
206.172037 
209.618777 
212.766231 
215.573564 
217.999941 
220.004529 
221.546493 
222.584998 
223.079211 
222.988297 
222.271422 
220.887752 
218.796451 
215.956687 
212.327624 
207.868428 
202.538265 

196.296300 
189.124563 
181.096535 
172.308563 
162.856990 
152.838163 
142.348426 
131.484126 
120.341606 
109.017214 
97.607293 
86.208189 
74.916248 
63.827814 
53.039234 
42.646851 
32.747013 
23.436063 
14.810347 
6.966211 

0.000000 
-6.016118 
-11.106679 
-15.320397 
-18.705985 
-21.312158 
-23.187628 
-24.381109 
-24.941314 
-24.916957 
-24.356752 
-23.309411 
-21.823650 
-19.948180 
-17.731715 
-15.222970 
-12.470657 
-9.523490 
-6.430182 
-3.239448 

