1030.000000 
1045.742229 
1061.485327 
1077.230162 
1092.977603 
1108.728519 
1124.483779 
1140.244252 
1156.010805 
1171.784309 
1187.565631 
1203.355640 
1219.155206 
1234.965196 
1250.786481 
1266.619927 
1282.466404 
1298.326782 
1314.201928 
1330.092711 
1346.000000 
1361.909295 
1377.744622 
1393.414635 
1408.827993 
1423.893350 
1438.519364 
1452.614690 
1466.087985 
1478.847906 
1490.803108 
1501.862248 
1511.933982 
1520.926966 
1528.749857 
1535.311312 
1540.519985 
1544.284535 
1546.513616 
1547.115886 
1546.000000 
1543.095840 
1538.418187 
1532.003047 
1523.886427 
1514.104331 
1502.692766 
1489.687738 
1475.125254 
1459.041319 
1441.471939 
1422.453120 
1402.020868 
1380.211190 
1357.060091 
1332.603577 
1306.877655 
1279.918330 
1251.761608 
1222.443496 
1192.000000 
1160.496594 
1128.116629 
1095.072925 
1061.578301 
1027.845577 
994.087572 
960.517106 
927.346999 
894.790070 
863.059138 
832.367024 
802.926546 
774.950525 
748.651780 
724.243130 
701.937396 
681.947396 
664.485950 
649.765878 
638.000000 
629.358159 
623.838296 
621.395378 
621.984370 
625.560237 
632.077946 
641.492462 
653.758751 
668.831778 
686.666509 
707.217911 
730.440947 
756.290585 
784.721789 
815.689527 
849.148762 
885.054461 
923.361590 
964.025115 
1007.000000 
1052.177021 
1099.190186 
1147.609313 
1197.004219 
1246.944723 
1297.000643 
1346.741795 
1395.737997 
1443.559068 
1489.774824 
1533.955084 
1575.669665 
1614.488385 
1649.981062 
1681.717513 
1709.267556 
1732.201008 
1750.087688 
1762.497413 
1769.000000 
1769.292634 
1763.581961 
1752.201997 
1735.486753 
1713.770244 
1687.386483 
1656.669484 
1621.953260 
1583.571826 
1541.859193 
1497.149378 
1449.776391 
1400.074248 
1348.376962 
1295.018547 
1240.333015 
1184.654381 
1128.316658 
1071.653860 
1015.000000 
958.677695 
902.963969 
848.124451 
794.424770 
742.130552 
691.507426 
642.821020 
596.336962 
552.320880 
511.038402 
472.755156 
437.736770 
406.248871 
378.557089 
354.927051 
335.624385 
320.914719 
311.063680 
306.336898 
307.000000 
313.227213 
324.827163 
341.517073 
363.014169 
389.035674 
419.298814 
453.520812 
491.418892 
532.710280 
577.112199 
624.341875 
674.116531 
726.153391 
780.169681 
835.882625 
893.009446 
951.267370 
1010.373621 
1070.045423 
------------------------------------------------- 
 
1200.000000 
1188.431244 
1176.942469 
1165.613656 
1154.524788 
1143.755844 
1133.386807 
1123.497658 
1114.168378 
1105.478949 
1097.509351 
1090.339566 
1084.049575 
1078.719360 
1074.428902 
1071.258182 
1069.287181 
1068.595882 
1069.264264 
1071.372310 
1075.000000 
1080.202460 
1086.935390 
1095.129632 
1104.716031 
1115.625430 
1127.788673 
1141.136602 
1155.600062 
1171.109896 
1187.596948 
1204.992060 
1223.226078 
1242.229843 
1261.934200 
1282.269992 
1303.168062 
1324.559255 
1346.374413 
1368.544380 
1391.000000 
1413.657291 
1436.372973 
1458.988941 
1481.347088 
1503.289310 
1524.657502 
1545.293558 
1565.039373 
1583.736841 
1601.227858 
1617.354317 
1631.958114 
1644.881143 
1655.965299 
1665.052476 
1671.984570 
1676.603475 
1678.751085 
1678.269295 
1675.000000 
1668.836375 
1659.876718 
1648.270606 
1634.167616 
1617.717328 
1599.069318 
1578.373165 
1555.778445 
1531.434738 
1505.491620 
1478.098670 
1449.405466 
1419.561585 
1388.716604 
1357.020103 
1324.621658 
1291.670847 
1258.317249 
1224.710441 
1191.000000 
1157.324958 
1123.782155 
1090.457887 
1057.438446 
1024.810128 
992.659225 
961.072033 
930.134846 
899.933957 
870.555660 
842.086251 
814.612022 
788.219269 
762.994284 
739.023363 
716.392799 
695.188887 
675.497920 
657.406193 
641.000000 
626.380168 
613.705661 
603.149972 
594.886599 
589.089036 
585.930781 
585.585327 
588.226172 
594.026810 
603.160738 
615.801451 
632.122445 
652.297216 
676.499259 
704.902071 
737.679146 
775.003981 
817.050071 
863.990912 
916.000000 
973.089868 
1034.629202 
1099.825725 
1167.887158 
1238.021226 
1309.435652 
1381.338158 
1452.936467 
1523.438303 
1592.051387 
1657.983444 
1720.442197 
1778.635367 
1831.770679 
1879.055855 
1919.698618 
1952.906691 
1977.887797 
1993.849659 
2000.000000 
1995.802608 
1981.745531 
1958.572880 
1927.028768 
1887.857308 
1841.802612 
1789.608791 
1732.019960 
1669.780230 
1603.633713 
1534.324521 
1462.596768 
1389.194565 
1314.862026 
1240.343261 
1166.382384 
1093.723507 
1023.110743 
955.288203 
891.000000 
830.830574 
774.725676 
722.471382 
673.853770 
628.658917 
586.672902 
547.681801 
511.471693 
477.828654 
446.538762 
417.388096 
390.162731 
364.648746 
340.632219 
317.899227 
296.235846 
275.428156 
255.262233 
235.524155 
